1305
1775
2056
7311
8807
9407
4062
2762
9807
5566
2708
5727
5644
1301
9959
6461
764
1222
5602
1818
8520
6428
6905
1370
7041
2352
3206
5451
677
405
2618
9212
2304
1408
2821
7848
1647
776
513
739
4448
4982
9001
5999
6310
1513
7735
2315
217
3529
3978
4201
7242
2709
6646
7403
387
3147
4902
6441
7437
5028
5580
8561
4027
2410
489
6347
4852
9318
9464
2568
4206
7338
3013
7447
8870
7128
1452
3555
4060
4221
2651
8973
394
2750
7337
2577
6341
5421
5520
5431
4029
1400
8325
3577
4463
8318
1225
44
9625
2862
7976
8077
2605
6095
3054
6537
4911
2854
8649
4552
3945
7543
4682
8024
782
2827
9141
1154
8122
3673
9176
1002
1560
3077
4985
5176
8782
7778
7415
1694
883
3445
8066
9414
3201
5095
8455
6538
9542
3095
6900
5151
8548
6554
6314
3214
3303
2751
831
1056
2070
9764
8995
8742
1811
4270
2139
3954
9998
7097
4585
7702
4934
1453
9629
663
6574
3049
5636
4285
5438
3870
1295
362
7616
8378
3007
724
2251
8816
8011
5105
6766
8849
5684
5774
3026
6633
9344
5484
6449
1128
9298
2456
1845
315
5771
4197
7848
3606
9930
567
3131
7969
3471
9359
7411
8812
3853
2654
9486
6560
93
4232
8868
8180
639
4151
5688
8297
5756
3113
1596
5106
951
695
1236
3555
2418
7346
4548
981
8380
7580
1379
6099
1288
9360
8416
564
2553
8384
5315
7637
9865
1241
5741
5874
9433
9653
3753
4417
1026
5628
8628
5628
2923
4328
6408
8745
3172
3924
2276
2919
1950
1631
1064
6807
7341
1651
9723
7893
4070
4941
255
9889
8162
72
6813
1726
6309
5803
4922
1863
4184
6203
203
2713
8306
8094
133
2881
197
4174
1549
9218
6005
2229
6350
6866
8131
2491
4873
547
4200
5370
2198
3545
8301
1962
4296
3405
2583
2350
4479
3517
4896
3369
311
61
5120
9806
7710
1134
5899
6052
4339
3945
3843
9938
1258
5017
5710
620
2604
9506
6579
6106
1755
6034
9390
882
4402
9282
3347
5441
1003
4152
7311
1515
3019
861
8810
2956
1000
5958
1432
3994
2714
3201
7567
6970
6319
5230
9042
4251
3529
6487
7196
1410
3010
7374
6569
7507
8992
2993
7134
4841
5651
3900
2633
7059
2522
8268
6931
1196
7702
8747
9665
8068
1655
2125
4698
4784
7698
9686
3379
5594
8068
8086
4582
6806
9744
3378
6609
8947
3124
4511
1307
5674
9530
2477
9681
8615
5370
9551
2063
8017
8093
9155
1450
6151
4908
3666
7673
9832
7462
1397
5572
287
1249
4497
1029
3226
1528
5777
6668
9701
211
495
8398
8968
9365
2895
3373
7418
1406
4904
5970
9935
7008
4128
4327
2709
7726
2131
1793
4552
4560
8175
7531
7053
2420
8415
1374
1105
831
1921
3932
9326
9553
3606
7356
1318
4775
3094
239
7279
6889
878
6577
3244
5859
5671
6555
4388
4530
2148
502
18
9396
5432
1962
4152
2769
7553
100
1536
6345
9637
5717
4848
6883
7575
3975
3353
2085
3414
5388
1036
4449
1171
4303
490
156
6316
9803
311
5210
5114
1018
4922
8549
1267
2485
5124
3981
61
3179
4538
9081
8016
3981
16
9995
3127
2470
7188
6098
4819
1223
1109
5209
5691
5808
6062
5037
7091
1755
2834
6363
8344
5539
2437
7432
8502
2642
373
4826
4502
4711
1812
3875
2424
2294
2003
3871
1289
3642
2940
7459
2016
3014
5740
1397
3338
4393
7851
906
7792
1967
3962
1162
8883
8068
1639
5792
3588
2659
880
5245
1777
8301
5666
4477
3663
630
5756
2513
513
4073
7621
6219
7203
9739
5575
3961
9397
509
3430
4376
4087
4811
3025
5097
4734
8833
468
2225
1520
1597
6679
6475
2561
2160
4999
2280
9483
4623
1343
6759
5523
150
8627
5455
718
9211
7800
5944
3952
3392
6899
9306
700
5794
5565
9422
4269
7855
2303
4113
4927
1844
1248
1494
7627
3668
4072
2298
5774
4405
3536
3395
6453
7701
5145
3922
6790
6586
1573
7352
8558
230
245
9509
6963
2137
768
4107
5765
6097
5965
2097
6454
6156
654
452
4498
4014
3609
9943
1869
2382
4260
3771
7000
3642
7675
7817
3360
9851
1825
4828
291
3620
1729
7901
7375
1316
4576
2150
1593
6715
5554
1751
9783
5288
1189
2071
6987
8513
5629
6114
8236
7996
9165
4657
8162
1466
3711
8744
1710
6948
6240
1880
2164
3853
4187
4613
5478
215
8640
6098
7006
3889
7489
8967
5847
4526
6489
8965
7544
1729
1561
6624
159
3076
5313
491
1238
6040
583
914
3701
2567
7911
4048
4692
6789
3191
4257
2858
2245
5893
9570
5335
9048
95
2405
8618
800
5839
3520
608
8146
433
2628
3818
6186
2850
2332
8041
8601
7304
1852
9753
1993
8328
9896
4647
5617
8648
390
3104
1427
1969
3708
5208
4547
4848
6147
9604
8707
3593
2286
4164
8585
3048
2819
112
4722
3334
5495
7678
9167
5205
6665
2670
7453
5241
3428
3074
9140
2738
2648
1020
3621
1353
4147
5942
6758
2055
1176
3817
8058
2749
9041
4202
4057
3539
9201
9943
3183
8401
4850
6074
4688
8643
7021
7495
7737
9900
1385
6152
2066
4811
7562
5843
9999
1266
7386
1172
6486
5497
3398
5388
7499
7742
959
86
1590
6902
1921
4658
390
2373
3248
6528
7311
3558
8029
6522
447
3767
8313
4254
8303
1796
7457
2423
7797
3919
391
9975
549
1369
8737
2771
2488
2208
9802
9163
4917
5668
3223
5124
4379
631
4101
7604
2033
6913
3469
6553
6580
4477
8409
199
4368
4644
9376
5596
4250
8276
8765
3394
6362
908
9246
880
2998
6103
2568
3245
4297
6338
2216
8674
962
1916
612
8411
6233
7769
2704
8618
2204
5043
5005
4887
7560
2029
3036
6856
2147
2885
3568
9273
8358
8134
1809
7417
9096
4007
812
6081
5798
3876
8759
9265
7262
983
1043
264
475
50
2171
7231
5291
2315
6009
3891
8027
212
6920
4462
9764
1990
6708
4513
4847
2091
9629
3296
9076
7509
2122
7290
8768
8797
8169
5507
4197
7899
7925
3983
3899
6943
7729
2110
6004
7611
641
6959
9117
989
9881
5730
3105
2588
4028
9149
8472
3518
1846
90
876
2291
8517
3644
7356
1378
5042
9213
3241
3102
9534
3573
7229
1589
5111
2137
6604
7669
1178
3757
5267
5787
754
3575
765
7466
8862
6914
1557
5892
1217
1579
645
1063
6051
460
2925
4807
1541
2627
1071
8276
7330
5406
1318
9400
7713
4485
9399
479
7750
7251
3712
7859
5368
1843
6638
7555
8685
2211
730
8064
5586
8535
9059
6852
3095
333
9575
3695
9399
9001
6730
8399
9173
3101
4122
4779
2481
5174
6201
9548
4634
8725
9145
745
6158
8280
1462
13
5885
1813
4412
3287
7292
2338
9370
6478
9013
2804
9742
2351
6251
7267
3968
5029
267
9542
9691
8659
3966
6544
2997
1280
8651
1254
7600
5520
5401
9131
8697
4923
5282
7435
7822
7949
3668
8992
1453
2633
577
6084
6423
3002
4870
6404
7859
1688
952
6477
7359
1251
1050
7926
721
9856
9867
5898
587
8093
1181
560
8301
1250
4816
5737
2741
4805
7357
6565
4753
8970
2415
9586
4661
9318
4971
1202
4840
9678
5744
8551
3881
7505
1849
9710
7583
2510
8192
8918
333
6227
2381
9675
229
7764
3931
6628
8307
7812
6652
5733
1818
19
3315
2161
1420
2453
3199
3119
9731
4922
2871
5736
6589
8719
5888
5067
3860
9616
2140
7245
7035
2840
61
2512
4084
6055
5127
623
5758
5102
7668
99
8028
2362
9393
5733
5665
7931
9461
2673
5223
7120
6001
1267
5984
5793
3491
5072
3779
9625
3621
1332
9928
9149
3266
7971
8495
8381
2265
6398
4201
5319
2762
7861
7322
5218
1229
51
3175
2349
1442
9498
250
2772
9170
4204
1092
6060
3269
3379
674
7997
2061
6253
4008
9513
5808
5064
4745
6796
6627
2934
1145
5746
1729
413
8714
9455
5163
4718
1570
2671
2633
1231
6222
4843
1199
6551
624
5396
7898
6038
8291
2752
5498
5599
8815
5166
4778
2467
6616
9815
5146
2666
2305
5683
3838
8784
1502
1557
2207
6811
6423
6293
7727
196
1208
7368
2362
665
8773
141
6104
7230
91
4950
1006
5500
1922
1537
5444
8679
7998
2114
7330
9231
757
6080
8052
6067
331
6009
173
5772
4872
3698
5175
1486
2108
5758
3256
5558
6697
3482
96
7439
2686
3907
5743
1448
3540
8933
4228
9898
1312
4610
7999
808
4425
5355
6792
2136
4484
7101
713
3080
6683
1883
630
4382
989
7459
6045
1729
5119
6240
8536
8478
3743
3820
1920
6071
3129
5984
8059
6734
1938
2025
486
8058
1026
1480
6126
7204
1487
9287
5927
7297
1860
9427
7680
4235
368
2890
7774
7726
9899
2930
6580
6364
4980
9588
372
8878
7125
1859
1952
7704
616
8141
2937
2120
531
2957
9497
9419
6830
474
8123
9307
4885
9631
4872
8616
1833
392
6061
7810
4017
9526
6039
7408
1247
3103
9265
6017
557
8421
932
8861
101
2177
3325
6390
1440
636
3293
9536
6118
8458
6314
362
9044
3539
5442
281
3484
2271
9695
5936
3590
141
870
9437
6725
2513
9370
2946
2356
5048
318
2895
6142
9209
5671
8361
9037
201
8655
457
1579
3947
6806
5587
3844
898
6163
6177
8957
4980
8777
6380
3949
9070
7236
823
5321
878
7187
1592
4686
2193
3055
3443
3655
4425
4969
3348
7583
3738
1603
5721
3696
3073
7012
6778
9690
4785
2415
9734
8911
4860
7997
1499
1387
6331
790
1825
4529
634
3007
2292
5968
8691
3518
2637
5332
6949
2521
8284
2601
4657
220
6515
3563
6496
5929
9714
9305
4980
6969
5418
7751
4362
8529
3424
4274
1145
1232
6561
9839
154
8452
1180
4141
7795
9437
9137
3689
1970
2537
3876
7919
6178
6510
5757
1294
1645
4183
3471
7477
1359
9590
4002
921
6674
4935
192
9720
1755
9493
2697
6264
6112
5429
1284
4697
485
5568
2242
5545
5138
8335
4000
4822
1538
4495
6217
3278
603
9123
5189
946
6165
6697
9971
2025
3400
565
4862
6897
5062
3145
6239
7712
7010
9030
4718
4360
4924
6444
2838
1705
5403
1693
6165
5825
6677
9200
9244
1966
1134
1106
6841
9444
7930
1718
3279
1466
769
797
959
495
5182
6321
9701
3466
7091
2795
7537
351
4013
8277
8528
6365
6336
7081
8390
4212
9247
9320
5898
724
2538
358
159
6064
8996
3875
4331
322
7007
4773
3478
4376
998
5024
6064
7932
6823
8856
8494
6369
6380
1582
2083
7257
8725
1877
2568
5491
3747
8872
312
402
8163
7749
7210
3241
8197
4817
347
4787
5544
3087
1879
2767
1700
4252
2596
2072
6611
9505
5883
386
8172
251
9492
6336
7070
9703
4238
6371
2982
647
1000
2861
45
6129
9134
2532
7153
2759
1427
7746
5726
3153
4871
2472
8601
502
453
4467
9641
6346
7340
103
5586
5121
8488
1207
9103
5970
1548
9431
2940
5126
1694
2313
9389
176
9584
5539
2798
9175
8950
8210
3959
4046
2585
8984
8604
1636
9559
5824
7151
9111
3252
2099
9138
1156
1393
8034
5693
5721
5223
1539
4808
252
5536
4810
9046
8564
9155
8764
6894
5445
9082
1401
3175
905
5265
2786
2047
6586
3853
6885
2824
6524
7607
9466
4079
4535
9268
5189
5531
6402
7714
5260
6895
8427
2433
19
3723
8291
7099
5699
1925
3270
7665
2233
960
4360
6516
5786
4086
4171
8989
6004
5016
9661
5274
1376
5262
8895
8485
2980
3852
9264
1474
5893
1796
6247
7076
2777
2194
7680
1453
3914
9513
6653
1169
391
7911
7486
4822
1717
4119
6492
3354
4722
7299
2766
240
3834
5443
6063
3320
3042
7702
2999
8298
9618
764
5125
9183
5424
6287
7070
3612
8583
4124
2255
4556
8679
7217
5215
8809
8421
9540
352
3991
307
5757
6436
7581
8715
7217
7579
4497
8532
7117
9659
1438
8215
4267
5449
5332
6956
7412
8067
2269
7085
8498
4960
4136
3084
945
1279
8083
1280
3089
1500
6921
2635
9322
5809
5574
8583
973
25
99
5742
3795
4559
5955
1241
5973
6230
9385
7552
8806
594
4499
4768
7073
5459
3815
5179
5674
8418
1320
8778
4532
8787
2357
8045
4031
874
9646
8850
1067
3707
3380
1924
1917
2121
1964
4779
3997
3824
6256
1809
970
2975
4451
7333
7467
9404
2686
1641
3074
8011
9115
8949
1327
7370
5133
6590
7615
8259
1882
4769
7198
2453
231
2777
6576
1228
7886
1297
1928
6012
750
1812
5395
8877
5535
2351
8212
3984
481
695
6173
5680
4096
7159
4582
1012
2870
850
8957
5137
7901
8599
1179
6892
6255
2499
3407
1932
2940
5136
6041
7038
6919
794
2437
3762
3742
3890
2657
1603
836
4748
2333
3604
2956
6643
351
4374
4756
8141
3295
9078
9292
8777
8902
2227
8913
7140
3950
5197
9643
7338
7957
8009
5311
4762
4772
3601
5521
1683
2758
40
7834
1818
7464
4219
3170
3902
2556
6979
4411
9698
8633
7448
6938
6553
9586
8815
1154
1345
3281
9651
9198
5174
8768
3666
9674
230
1348
1214
4911
5285
935
5124
5769
7623
1392
8873
6103
6042
2209
5536
2431
7847
9789
1673
4619
2877
6580
5347
7412
2173
2300
1250
7833
53
2381
44
8972
7092
4218
413
1577
892
8983
1770
6772
2821
6363
3266
6558
8381
3667
1457
3139
2846
9072
238
7028
856
6255
7540
972
3470
2291
5358
5089
2029
7505
2972
5208
6790
328
466
7157
5852
2347
7535
5310
4681
7644
8795
9787
6699
1766
5785
4541
5020
3639
204
8056
9407
1288
2134
2878
9206
8859
3755
8457
8097
3440
4757
6436
9264
9972
1073
1702
3258
7926
8998
2317
6486
5239
9734
227
4342
8702
1340
6127
5620
2309
1909
9035
6133
4739
8284
6798
3722
711
1102
9157
7077
9102
9948
290
488
5473
3198
1121
8569
3470
9844
5363
2305
4320
6328
521
4932
846
8367
1775
2972
6238
4095
770
6798
1220
619
1663
8110
7819
9161
9674
7485
2078
3748
5288
5376
3955
6637
9193
6445
5092
9884
5637
2335
6636
5605
2274
9784
7195
5766
4959
9238
2694
4908
4705
2270
1566
502
4039
7269
9019
6017
7835
7262
8340
5858
4536
4813
2110
6274
6115
554
6383
6723
2855
1585
6046
5265
1553
1063
456
1236
4
6935
1873
4274
7882
170
3782
33
2729
9460
9931
5626
6429
5675
6454
4393
5447
8867
7750
1425
674
7109
9281
9309
9677
1166
3401
4480
1658
4115
8827
3358
2947
9715
4932
260
1508
5877
1007
5889
5816
47
2079
1544
7347
2616
3382
510
1737
8838
4304
6574
6250
3265
3839
5884
7707
6425
9891
5879
6994
130
1350
8935
7486
3837
465
453
1536
3651
4942
6970
6426
5978
4092
48
9634
3594
200
7701
9666
6313
1150
9789
7744
5602
4220
6535
6645
2277
5263
1736
9613
1624
9373
3220
7850
1210
6798
3819
1108
5352
1703
